00000000000000000000000000000000000000000000000000000000000000000000000000000000
00011000001100000110000011000001100000110000011000001100000110000011000001100000
00011000001100000110000011000001100000110000011000001100000110000011000001100000
00000000000000000000000000000000000000000000000000000000000000000000000000000000
00000000000000000000000000000000000000000000000000000000000000000000000000000000
00011000001100000110000011000001100000110000011000001100000110000011000001100000
00011000001100000110000011000001100000110000011000001100000110000011000001100000
00000000000000000000000000000000000000000000000000000000000000000000000000000000
00000000000000000000000000000000000000000000000000000000000000000000000000000000
00011000001100000110000011000001100000110000011000001100000110000011000001100000
00011000001100000110000011000001100000110000011000001100000110000011000001100000
00000000000000000000000000000000000000000000000000000000000000000000000000000000
00000000000000000000000000000000000000000000000000000000000000000000000000000000
00011000001100000110000011000001100000110000011000001100000110000011000001100000
00011000001100000110000011000001100000110000011000001100000110000011000001100000
00000000000000000000000000000000000000000000000000000000000000000000000000000000
00000000000000000000000000000000000000000000000000000000000000000000000000000000
00011000001100000110000011000001100000110000011000001100000110000011000001100000
00011000001100000110000011000001100000110000011000001100000110000011000001100000
00000000000000000000000000000000000000000000000000000000000000000000000000000000
00000000000000000000000000000000000000000000000000000000000000000000000000000000
00011000001100000110000011000001100000110000011000001100000110000011000001100000
00011000001100000110000011000001100000110000011000001100000110000011000001100000
00000000000000000000000000000000000000000000000000000000000000000000000000000000