00000000000000000000000000000000000000000000000000000000000000000000000000000000
00000000000000000000000000000000000000000000000000000000000000000000000000000000
00010000000000000000000000000000000000000000001000000000000000000000000000000000
00001000000000000000000000000000000000000000000100000000000000000000000000000000
00111000000000000000000000000000000000000000011100000000000000000000000000000000
00000000010000000000000000000000000000000000000000000000000000000000000000000000
00000000001000000000000000000000000000000000000000000100000000000000000000000000
00000000111000000000000000000000000000000000000000000010000000000000000000000000
00000000000000000000000000000000000000000000000000001110000000000000000000000000
00000000000000100000000000000000000000000000000000000000000000000000000000000000
00000000000000010000000000000000000000000000000000000000000010000000000000000000
00000000000001110000000000000000000000000000000000000000000001000000000000000000
00000000000000000000100000000000000000000000000000000000000111000000000000000000
00000000000000000000010000000000000000000000000000000000000000000000000000000000
00000000000000000001110000000000000000000000000000000000000000000000000000000000
00000000000000000000000000000000000000000000000000000000000000000010000000000000
00000000000000000000000000100000000000000000000000000000000000000001000000000000
00000000000000000000000000010000000000000000000000000000000000000111000000000000
00000000000000000000000001110000000000000000000000000000000000000000000000000000
00000000000000000000000000000000000000000000000000000000000000000000000000000000
00000000000000000000000000000000010000000000000000000000000000000000000100000000
00000000000000000000000000000000001000000000000000000000000000000000000010000000
00000000000000000000000000000000111000000000000000000000000000000000001110000000
00000000000000000000000000000000000000000000000000000000000000000000000000000000
00000000000000000000000000000000000000000000000000000000000000000000000000000000