00000000000000000000000000000000000000000000000000000000000000000000000000000000
00000000000000000000000000000000000000000000000000000000000000000000000000000000
00000011100000000000000000000000000000000000000000000000000000000111000000000000
00000111000000000000000000000000000000000000000000000000000000001110000000000000
00000000000000000000000000000000000000000000000000000000000000000000000000000000
00000000000000011100000000000000000000000000000000000000000000000000000000000000
00000000000000111000000000000000000000000000000000000111000000000000000000000000
00000000000000000000000000000000000000000000000000001110000000000000000000000000
00000000000000000000000000000000000000000000000000000000000000000000000000000000
00000000000000000000000011100000000000000000000000000000000000000000000000000000
00000000000000000000000111000000000000000000000000000000000000000000000000000000
00000000000000000000000000000000000000000000000011100000000000000000000000000000
00000000000000000000000000000000111000000000000111000000000000000000000000000000
00000000000000000000000000000001110000000000000000000000000000000000000000000000
00000000000000000000000000000000000000000000000000000000000000000000000000000000
00000000000000000000000000000000000000000000000000000000000000000000000000000000
00000000000000000000000000000000000000000011100000000000000000000000000000000000
00000000000000000000000000000000000000000111000000000000000000000000000000000000
00000000000000000000000000000000000000000000000000000000000000000000000000000000
00000000000000000000000000000000000000000000000000000000000000000000000000000000
00000000000011100000000000000000000000000000000000000000000000001110000000000000
00000000000111000000000000000000000000000000000000000000000000011100000000000000
00000000000000000000000000000000000000000000000000000000000000000000000000000000
00000000000000000000000000000000000000000000000000000000000000000000000000000000
00000000000000000000000000000000000000000000000000000000000000000000000000000000